9 61 3
48 44 6
51 68 10
12 13 5
54 62 8
80 2 10
8 14 2
74 78 10
16 78 10
46 58 6
89 17 7
8 28 1
68 44 5
75 30 2
47 78 7
83 52 8
34 45 3
96 90 7
36 44 10
46 41 10
75 8 10
4 47 7
97 11 2
31 16 4
2 92 8
15 79 7
65 90 8
82 23 10
89 69 2
25 85 3
18 53 8
55 90 6
59 41 7
16 62 4
22 27 5
57 8 5
98 28 3
96 33 9
82 67 4
9 37 7
71 65 10
91 97 6
49 88 9
98 7 6
3 34 1
56 51 5
98 39 10
13 16 1
23 17 8
80 79 1
69 61 7
28 20 6
53 78 7
8 67 8
2 96 10
58 71 7
2 39 9
0 51 2
97 93 3
38 11 1
41 42 1
75 82 2
98 89 10
42 99 8
98 5 9
15 67 2
65 29 6
99 68 6
73 74 3
44 30 2
30 71 1
43 54 10
20 23 9
1 73 3
38 62 8
91 92 9
91 99 3
60 41 2
11 89 5
87 56 3
83 15 10
8 13 4
91 53 2
47 49 3
33 12 9
20 62 1
27 42 10
55 11 4
13 5 4
63 99 1
51 38 5
51 90 8
68 57 3
98 72 9
82 69 2
90 29 1
87 72 1
99 58 1
24 87 4
22 26 10
23 11 1
28 70 6
92 10 6
42 89 1
60 33 5
88 39 8
24 19 4
87 33 8
18 41 9
75 30 4
37 46 7
47 39 8
19 14 8
63 12 3
31 76 1
4 22 1
63 55 9
24 62 6
10 54 10
42 9 8
43 75 7
64 77 9
24 10 1
37 88 1
52 60 3
72 51 4
26 17 8
82 35 7
5 57 9
56 92 6
1 60 9
64 97 2
36 54 6
66 61 6
2 56 4
7 36 5
90 94 6
98 5 3
7 69 7
28 78 7
58 37 8
12 9 9
15 58 2
62 70 1
6 45 2
16 63 2
39 66 10
65 62 9
2 46 9
39 25 9
41 85 9
14 83 10
31 22 5
88 53 1
1 58 5
19 66 2
66 35 8
73 6 1
49 96 6
66 33 7
83 95 3
97 61 9
94 33 3
92 67 4
92 37 3
58 88 9
67 21 1
81 35 6
97 26 2
17 80 4
1 80 6
57 16 7
75 46 8
57 81 2
54 0 2
74 94 1
85 95 2
73 31 6
8 7 9
13 92 3
47 81 4
88 86 4
61 23 2
72 1 1
48 19 6
26 71 2
8 67 9
69 42 10
62 30 3
85 18 2
40 43 7
2 70 2
12 49 8
38 8 10
57 95 8
68 67 1
47 56 10
91 41 7
40 69 9
62 12 9
73 5 1
2 35 4
12 9 4
83 30 3
51 36 8
20 15 8
68 95 1
44 68 10
56 26 7
88 53 7
32 80 4
13 95 7
92 43 9
42 14 8
19 66 2
18 97 1
95 38 2
45 86 5
70 23 6
82 86 1
10 55 6
29 16 8
79 52 3
16 45 3
23 40 9
26 38 8
62 95 6
47 52 8
29 51 8
50 67 3
73 74 10
68 26 8
91 99 6
14 68 8
92 27 7
54 38 8
30 10 3
73 35 8
83 90 5
86 78 7
3 84 6
1 26 5
36 10 6
41 70 6
43 27 7
2 12 2
45 41 9
40 27 5
98 0 9
53 7 4
19 86 10
63 25 3
98 57 9
38 86 1
26 16 6
37 88 6
45 28 7
26 91 2
33 10 9
32 8 4
59 39 8
10 16 2
45 57 7
41 79 2
70 55 3
60 10 4
81 59 9
47 59 6
35 44 2
96 66 8
85 18 4
29 90 6
58 26 6
47 5 6
68 30 1
44 6 8
26 79 5
86 82 8
48 66 8
50 48 5
48 57 2
44 61 10
23 11 8
98 5 4
5 48 7
31 22 3
76 98 3
78 9 7
30 26 8
6 78 6
86 69 5
53 7 3
50 46 4
98 24 2
12 74 6
42 81 8
9 22 4
71 27 8
6 2 8
54 24 2
